43
31
21
48
23
11
28
28
13
9
33
14
2
25
3
40
37
32
12
37
24
33
31
12
18
45
46
26
8
7
20
5
3
32
7
31
26
37
42
31
6
41
15
23
20
39
43
5
34
22
48
38
22
48
20
13
47
24
41
3
38
40
11
3
17
43
21
36
15
23
41
2
5
40
21
29
11
2
49
43
2
24
20
16
22
9
36
15
30
47
7
27
15
40
45
25
27
45
43
2
36
39
38
9
8
17
29
42
46
13
21
2
44
42
35
12
33
6
20
26
26
27
9
10
17
9
37
24
2
34
2
4
31
34
18
24
25
34
31
18
24
15
44
2
44
2
15
34
10
43
41
5
11
46
44
46
27
16
28
3
32
5
20
3
5
46
24
23
34
38
3
37
25
10
16
26
25
44
46
3
11
41
33
47
2
7
16
6
43
6
39
9
47
40
40
34
19
10
42
33
5
39
40
33
7
26
48
17
17
9
21
42
19
49
16
42
23
2
11
27
30
37
49
19
49
5
16
49
18
3
49
20
37
42
18
47
32
36
20
36
30
28
6
39
39
17
18
15
6
9
30
27
48
29
31
3
40
10
29
2
2
25
47
8
39
22
21
10
5
46
46
33
19
7
49
31
4
13
34
17
31
18
2
5
16
42
3
5
2
48
44
41
47
12
28
31
35
35
5
24
23
15
34
29
11
46
42
17
28
46
32
36
3
22
34
31
30
32
24
6
7
20
39
6
44
10
32
30
2
28
6
28
26
35
9
21
23
34
46
9
37
39
27
14
37
41
17
30
42
23
26
49
19
3
14
7
41
13
44
17
44
5
16
29
29
28
28
12
7
8
8
26
16
23
6
21
28
42
8
14
46
14
7
42
34
27
23
11
8
10
3
44
2
31
43
47
20
8
6
11
37
41
17
12
22
23
48
35
37
32
33
2
2
9
23
34
9
27
30
49
4
14
8
27
26
2
41
46
44
24
19
13
9
14
25
36
39
47
26
49
40
13
30
2
2
27
44
42
3
4
17
6
29
12
47
6
29
4
24
37
20
22
6
6
25
15
32
21
41
19
22
16
15
29
46
32
22
29
36
41
38
5
39
24
4
16
29
25
17
43
18
36
44
8
6
25
29
43
23
48
31
20
3
15
37
16
27
23
24
9
11
23
35
34
6
35
10
49
38
7
29
39
49
37
11
6
15
31
28
33
25
5
49
35
33
39
44
23
16
46
7
45
15
26
47
11
4
11
10
42
10
31
22
49
3
32
28
22
27
36
49
31
36
23
35
48
38
47
34
7
40
4
33
21
48
46
25
9
36
3
23
24
18
11
35
33
18
40
20
34
35
43
6
32
39
35
46
20
27
45
16
14
20
17
27
18
27
14
42
16
49
43
23
26
44
19
21
12
36
42
46
23
17
30
27
23
5
34
41
23
28
15
49
15
49
5
26
31
23
15
17
26
12
45
26
46
26
41
48
14
25
10
42
9
4
48
37
31
8
39
17
10
43
41
44
11
3
22
44
11
14
49
7
22
10
49
46
7
44
47
16
25
19
29
5
3
19
28
12
14
7
42
27
45
7
4
16
37
37
8
28
46
20
15
25
46
5
13
23
13
44
31
48
36
28
17
36
25
49
42
39
21
26
40
20
11
40
28
38
12
45
5
39
16
37
43
35
27
32
5
13
11
45
28
34
39
24
20
40
7
10
20
45
35
14
28
10
34
12
3
18
25
15
34
24
38
3
26
16
16
5
48
2
8
15
5
27
15
19
22
48
20
42
17
22
13
18
41
37
13
37
9
17
47
32
35
36
22
16
18
28
16
13
32
5
10
35
41
39
20
23
5
18
22
23
21
18
31
8
37
49
24
8
6
27
2
27
7
37
46
21
48
46
8
17
21
6
5
39
23
11
19
13
31
42
27
25
21
8
26
29
49
9
43
40
25
25
46
21
47
48
17
17
31
38
42
11
19
30
2
10
14
3
32
8
35
41
8
32
4
31
41
49
11
32
29
29
23
45
29
34
43
41
32
29
48
9
38
18
41
7
34
27
47
32
35
36
35
3
29
22
19
15
19
8
5
38
9
41
12
39
13
6
6
42
48
49
13
11
28
29
40
45
25
34
2
16
26
12
45
4
20
29
35
20
29
16
25
40
14
17
19
31
40
42
13
11
20
6
7
21
34
41
43
13
12
46
47
18
30
27
22
16
22
38
13
14
49
39
9
49
14
48
49
24
49
40
22
43
37
32
20
17
15
9
23
18
10
40
29
